
[2,1,1,3],
[2,1,1,3],
[4,6,6,5],
[4,7,8,5],
[9,0,0,K]
],[
[2,1,1,3],
[2,1,1,3],
[4,6,6,5],
[4,7,8,5],
[9,0,K,0]
],[
[2,1,1,3],
[2,1,1,3],
[4,6,6,0],
[4,7,8,5],
[9,0,K,5]
],[
[2,1,1,3],
[2,1,1,3],
[4,0,6,6],
[4,7,8,5],
[9,0,K,5]
],[
[2,1,1,3],
[2,1,1,3],
[4,0,6,6],
[4,0,8,5],
[9,7,K,5]
],[
[2,1,1,3],
[2,1,1,3],
[0,4,6,6],
[0,4,8,5],
[9,7,K,5]
],[
[2,1,1,3],
[2,1,1,3],
[0,4,6,6],
[9,4,8,5],
[0,7,K,5]
],[
[2,1,1,3],
[2,1,1,3],
[0,4,6,6],
[9,4,8,5],
[7,0,K,5]
],[
[2,1,1,3],
[2,1,1,3],
[0,0,6,6],
[9,4,8,5],
[7,4,K,5]
],[

[2,1,1,3],
[2,1,1,3],
[6,6,0,0],
[9,4,8,5],
[7,4,K,5]
],[
[2,1,1,3],
[2,1,1,3],
[6,6,8,0],
[9,4,K,5],
[7,4,0,5]
],[
[2,1,1,3],
[2,1,1,3],
[6,6,0,8],
[9,4,K,5],
[7,4,0,5]
],[
[2,1,1,3],
[2,1,1,3],
[6,6,K,8],
[9,4,0,5],
[7,4,0,5]
],[
[2,1,1,3],
[2,1,1,3],
[6,6,K,8],
[0,9,4,5],
[7,0,4,5]
],[
[2,1,1,3],
[2,1,1,3],
[0,0,K,8],
[6,6,4,5],
[7,9,4,5]
],[
[2,1,1,3],
[2,1,1,3],
[K,8,0,0],
[6,6,4,5],
[7,9,4,5]
],[
[2,1,1,3],
[2,1,1,3],
[K,8,0,5],
[6,6,4,5],
[7,9,4,0]
],[
[2,1,1,3],
[2,1,1,3],
[K,8,4,5],
[6,6,4,5],
[7,9,0,0]
],[
[2,1,1,3],
[2,1,1,3],
[K,8,4,5],
[6,6,4,5],
[0,0,7,9]
],[
[2,1,1,3],
[2,1,1,3],
[K,0,4,5],
[0,8,4,5],
[6,6,7,9]
],[
[2,1,1,3],
[2,1,1,3],
[K,4,0,5],
[8,4,0,5],
[6,6,7,9]
],[
[2,1,1,3],
[2,1,1,3],
[K,4,7,5],
[8,4,0,5],
[6,6,0,9]
],[

[2,1,1,3],
[2,1,1,3],
[K,4,7,5],
[8,4,0,5],
[6,6,9,0]
],[
[2,1,1,3],
[2,1,1,3],
[K,4,7,5],
[8,4,9,5],
[6,6,0,0]
],[

[2,1,1,3],
[2,1,1,3],
[K,4,7,5],
[8,4,9,5],
[0,0,6,6]
],[
[2,1,1,3],
[2,1,1,3],
[0,4,7,5],
[K,4,9,5],
[8,0,6,6]
],[
[2,1,1,3],
[2,1,1,3],
[0,4,7,5],
[K,4,9,5],
[0,8,6,6]
],[
[2,1,1,3],
[2,1,1,3],
[0,4,7,5],
[0,4,9,5],
[K,8,6,6]
],[
[2,1,1,3],
[2,1,1,3],
[4,7,5,0],
[4,9,5,0],
[K,8,6,6]
],[
[2,1,1,0],
[2,1,1,0],
[4,7,5,3],
[4,9,5,3],
[K,8,6,6]
],[
[2,0,1,1],
[2,0,1,1],
[4,7,5,3],
[4,9,5,3],
[K,8,6,6]
],[
[2,7,1,1],
[2,9,1,1],
[4,8,5,3],
[4,0,5,3],
[K,0,6,6]
],[
[2,7,1,1],
[2,9,1,1],
[4,8,5,3],
[4,0,5,3],
[0,K,6,6]
],[
[2,7,1,1],
[2,9,1,1],
[4,8,5,3],
[4,K,5,3],
[0,0,6,6]
],[
[2,7,1,1],
[2,9,1,1],
[4,8,5,3],
[4,K,5,3],
[6,6,0,0]
],[
[2,7,0,0],
[2,9,1,1],
[4,8,1,1],
[4,K,5,3],
[6,6,5,3]
],[
[2,0,0,7],
[2,9,1,1],
[4,8,1,1],
[4,K,5,3],
[6,6,5,3]
],[
[2,9,0,7],
[2,0,1,1],
[4,8,1,1],
[4,K,5,3],
[6,6,5,3]
],[
[2,0,9,7],
[2,0,1,1],
[4,8,1,1],
[4,K,5,3],
[6,6,5,3]
],[
[2,8,9,7],
[2,0,1,1],
[4,0,1,1],
[4,K,5,3],
[6,6,5,3]
],[
[2,8,9,7],
[2,1,1,0],
[4,1,1,0],
[4,K,5,3],
[6,6,5,3]
],[
[2,8,9,7],
[2,1,1,3],
[4,1,1,3],
[4,K,5,0],
[6,6,5,0]
],[
[2,8,9,7],
[2,1,1,3],
[4,1,1,3],
[4,0,K,5],
[6,6,0,5]
],[
[2,8,0,7],
[2,0,9,3],
[4,1,1,3],
[4,1,1,5],
[6,6,K,5]
],[
[0,2,8,7],
[0,2,9,3],
[4,1,1,3],
[4,1,1,5],
[6,6,K,5]
],[
[4,2,8,7],
[4,2,9,3],
[0,1,1,3],
[0,1,1,5],
[6,6,K,5]
],[
[4,2,8,7],
[4,2,9,3],
[1,1,0,3],
[1,1,0,5],
[6,6,K,5]
],[
[4,2,0,7],
[4,2,8,3],
[1,1,9,3],
[1,1,0,5],
[6,6,K,5]
],[
[4,2,7,0],
[4,2,8,3],
[1,1,9,3],
[1,1,0,5],
[6,6,K,5]
],[
[4,2,7,3],
[4,2,8,3],
[1,1,9,5],
[1,1,0,5],
[6,6,K,0]
],[
[4,2,7,3],
[4,2,8,3],
[1,1,9,5],
[1,1,0,5],
[6,6,0,K]
],[
[4,2,7,3],
[4,2,8,3],
[1,1,0,5],
[1,1,0,5],
[6,6,9,K]
],[
[4,2,7,3],
[4,2,8,3],
[0,1,1,5],
[0,1,1,5],
[6,6,9,K]
],[
[0,2,7,3],
[0,2,8,3],
[4,1,1,5],
[4,1,1,5],
[6,6,9,K]
],[
[2,7,3,0],
[2,8,3,0],
[4,1,1,5],
[4,1,1,5],
[6,6,9,K]
],[
[2,7,3,5],
[2,8,3,5],
[4,1,1,0],
[4,1,1,0],
[6,6,9,K]
],[
[2,7,3,5],
[2,8,3,5],
[4,0,1,1],
[4,0,1,1],
[6,6,9,K]
],[
[2,0,3,5],
[2,0,3,5],
[4,7,1,1],
[4,8,1,1],
[6,6,9,K]
],[
[0,2,3,5],
[0,2,3,5],
[4,7,1,1],
[4,8,1,1],
[6,6,9,K]
],[
[4,2,3,5],
[4,2,3,5],
[0,7,1,1],
[0,8,1,1],
[6,6,9,K]
],[
[4,2,3,5],
[4,2,3,5],
[0,7,1,1],
[8,0,1,1],
[6,6,9,K]
],[
[4,2,3,5],
[4,2,3,5],
[8,7,1,1],
[6,6,1,1],
[0,0,9,K]
],[
[4,2,3,5],
[4,2,3,5],
[8,7,1,1],
[6,6,1,1],
[9,K,0,0]
],[
[4,2,3,5],
[4,2,3,5],
[8,7,0,0],
[6,6,1,1],
[9,K,1,1]
],[
[4,2,3,5],
[4,2,3,5],
[0,0,8,7],
[6,6,1,1],
[9,K,1,1]
],[
[4,2,3,5],
[4,2,3,5],
[6,6,8,7],
[0,K,1,1],
[9,0,1,1]
],[
[4,2,3,5],
[4,2,3,5],
[6,6,8,7],
[K,1,1,0],
[9,1,1,0]
]


























